[cam_0]
name = "1"
size = [ 1080, 1040,]
matrix = [ [ -1.88079096131566e-37, 0.0, 539.5,], [ 0.0, -1.88079096131566e-37, 519.5,], [ 0.0, 0.0, 1.0,],]
distortions = [ -3.697785493223493e-32, 0.0, 0.0, 0.0, 0.0,]
rotation = [ 4.8284620521609736e+151, -0.1442654669791733, -1.1628274446274711,]
translation = [ -65352777583398.664, -1859390.4655970172, -2256188.9190929327,]

[cam_1]
name = "2"
size = [ 1080, 880,]
matrix = [ [ 6.341294778167137e-8, 0.0, 539.5,], [ 0.0, 6.341294778167137e-8, 439.5,], [ 0.0, 0.0, 1.0,],]
distortions = [ 0.0001861280088633066, 0.0, 0.0, 0.0, 0.0,]
rotation = [ 216728.35347045193, 89952.05637715946, -557367.9785280675,]
translation = [ -1603592202468658.2, -4626694034328362.0, 283872237438812.6,]

[metadata]
adjusted = false
error = 1.0056024927377744e+22
